1;
10;
2;
3;
4;
5;
6;
7;
8;
9;
10;1;
2;1;
3;1;
4;1;
7;1;
1;8;
9;1;
10;2;
10;3;
10;4;
10;5;
10;7;
10;8;
9;10;
2;3;
2;4;
5;2;
7;2;
2;8;
9;2;
4;3;
7;3;
9;3;
7;4;
9;4;
9;5;
7;8;
9;7;
9;8;
10;2;1;
10;1;3;
10;7;1;
10;1;8;
4;1;3;
7;2;1;
7;1;3;
7;4;1;
7;1;8;
9;10;1;
9;2;1;
9;1;3;
9;4;1;
9;7;1;
10;2;3;
2;10;5;
10;2;7;
10;4;3;
10;7;3;
10;7;8;
9;10;2;
9;10;3;
9;10;4;
9;10;5;
9;10;7;
9;10;8;
7;2;3;
7;2;4;
9;2;3;
9;2;4;
9;5;2;
9;7;2;
9;2;8;
7;4;3;
9;4;3;
9;7;3;
9;7;4;
9;7;8;
10;7;1;8;
9;10;1;3;
9;10;7;1;
9;4;1;3;
9;7;2;1;
9;7;1;3;
10;2;7;3;
9;10;2;3;
9;10;5;2;
9;10;2;7;
9;10;7;3;
9;10;7;8;
9;7;2;3;
9;7;2;4;
9;7;4;3;
9;10;3;7;2;
