10;8;1;15;
10;
5;
3;1;
7;15;13;
1;
4;18;13;
5;20;13;
12;8;20;
8;14;15;
16;7;
18;
7;1;15;
3;8;6;13;
1;
11;7;6;15;
11;16;14;19;6;
17;3;1;13;
10;13;
7;20;
8;20;6;
2;
18;7;
2;14;
4;
6;13;
9;
10;7;14;13;
10;
13;
18;16;9;15;
18;8;13;
5;10;16;
8;
16;9;19;13;
9;6;
5;15;
1;15;
18;7;
4;13;
10;6;13;
14;
1;15;
5;9;15;
9;19;1;
20;
19;6;13;
20;
12;
20;15;
14;20;
16;8;9;19;1;
15;
7;
9;1;
5;16;13;
3;10;8;
18;7;19;15;13;
5;1;6;
17;6;
14;19;
5;7;1;15;13;
6;
5;20;
14;20;
6;
11;7;6;
10;
9;
7;
14;6;
2;1;6;15;
4;
19;1;6;
11;19;6;
18;7;14;19;
3;16;1;
19;
16;9;13;
18;20;13;
13;
12;5;20;
10;9;6;
16;14;15;13;
17;
19;1;13;
1;
2;16;6;
10;9;20;1;
18;13;
13;
8;19;15;
16;8;13;
20;
7;14;
2;19;
5;18;16;7;14;19;
19;1;
14;
16;14;20;
13;
7;9;1;6;
19;
3;
3;11;16;8;15;13;
18;
14;6;
4;16;7;
2;6;
10;1;15;
20;19;13;
2;10;18;20;6;
11;16;14;20;19;
14;6;15;
14;
8;7;15;
6;15;
8;14;
9;
12;5;15;
12;5;9;6;
4;11;10;
20;
14;20;
10;13;
18;
8;13;
4;14;20;
11;16;6;15;
19;
11;8;6;
9;
20;6;15;
15;
14;15;13;
4;20;
12;5;
20;15;
11;9;6;15;
3;6;
1;6;
8;6;15;
3;15;
7;9;13;
19;
8;14;20;1;13;
11;9;1;
16;9;19;6;
7;19;15;
8;19;1;6;
7;
17;18;9;13;
19;
18;1;
19;1;
4;7;15;13;
19;
3;11;7;19;
6;
9;20;19;15;
4;8;19;
6;13;
9;
10;
19;
9;
18;13;
1;
3;10;7;9;
5;
10;
14;20;
18;20;1;
9;1;
8;7;14;15;
18;20;1;
11;14;
8;
10;18;
7;14;6;
10;15;
11;10;19;13;
18;19;
10;15;13;
11;
1;13;
16;
3;5;
4;
10;20;19;
9;
18;14;
7;
6;
14;
14;15;
1;15;
8;19;6;
7;
15;13;
3;15;
4;20;15;
20;
13;
13;
6;13;
3;5;9;14;
3;7;14;19;
18;6;
16;9;20;
14;
10;19;1;6;
11;1;13;
3;7;
16;6;
5;
14;
8;19;13;
8;
19;6;15;
18;14;
9;13;
8;6;
9;14;13;
3;8;6;13;
20;6;
8;
4;5;7;20;15;
4;11;10;
4;20;6;
12;11;7;9;19;
18;7;9;15;
12;7;
14;
4;11;14;19;
2;5;8;9;
3;
16;20;19;13;
15;
14;19;6;
4;3;20;
8;
6;
7;20;
14;20;1;
5;9;20;6;15;13;
13;
5;7;9;13;
17;9;19;
9;14;20;6;
10;15;
3;
16;7;
19;1;
2;3;9;
5;14;13;
18;9;19;6;
10;16;8;1;
9;6;
16;8;20;
18;9;6;15;
11;5;14;1;
18;13;
8;9;1;6;
10;19;6;
5;
16;14;
18;1;
1;
20;6;
8;15;13;
11;15;
8;7;1;15;
7;15;
19;13;
9;20;
5;20;19;15;
9;
17;16;
2;11;18;
1;13;
5;20;15;13;
16;13;
5;19;6;
14;
8;9;15;
2;16;13;
20;13;
5;8;
12;11;7;19;15;
16;13;
7;14;20;15;
20;1;
10;7;9;
15;
9;19;
20;1;15;13;
1;
5;19;
13;
15;
10;8;6;
2;18;16;14;
19;15;
9;1;
15;
5;19;6;13;
17;16;13;
10;1;
10;
8;9;6;13;
10;20;1;
17;6;
1;
1;6;
18;
20;19;
7;6;13;
15;
18;6;
2;4;1;
7;
20;19;13;
10;18;9;
16;20;6;
8;20;
12;7;19;1;
1;
11;14;15;
1;
20;15;
2;
1;13;
9;14;
4;1;
15;
7;6;13;
16;
16;14;
19;
4;15;13;
14;
11;16;7;9;19;6;15;
15;
18;
8;9;20;1;
16;7;1;
2;18;8;20;19;13;
14;1;
11;14;15;
13;
11;8;7;1;
3;
8;6;15;
19;
20;
16;
3;
1;
20;1;
18;7;14;15;
12;14;19;
12;1;6;
